[1.47314558 1.26176957 1.21900578 1.19865017 1.17499731 1.16829181
 1.15310417 1.13841051 1.13448943 1.13149999 1.11769558 1.11167189
 1.11054688 1.10605095 1.08865144 1.09104301 1.08539078 1.08524598
 1.07585415 1.07356343 1.06683814 1.05516397 1.05344702 1.05135706
 1.04024273 1.03561328 1.03110254 1.01902881 1.01655965 1.00806433
 1.00002945 0.99358631 0.98708802 0.98370657 0.97359341 0.97015982
 0.96311716 0.96047648 0.95338105 0.94716138 0.94687385 0.94540973
 0.93537186 0.94083853 0.93532599 0.93199501 0.92798975 0.928185
 0.92259079 0.92273191 0.91686992 0.91804253 0.9169956  0.91619897
 0.91142175 0.91091231 0.90935495 0.90674005 0.90643226 0.90348336
 0.90299891 0.90302941 0.90153943 0.90054592 0.899747   0.89543298
 0.89990356 0.89742763 0.89692728 0.89521172 0.89058627 0.89306004
 0.88877382 0.89148226 0.89219041 0.88819833 0.88648309 0.88629096
 0.88608054 0.88457519 0.88515628 0.88756436 0.88293402 0.88380579
 0.88649735 0.88411827 0.88057894 0.87862691 0.87916398 0.87633612
 0.87933716 0.87791013 0.8769454  0.87914492 0.87583241 0.87901703
 0.88009698 0.87248656 0.87658187 0.87608436 0.87257046 0.87039944
 0.87062055 0.86863689 0.87009484 0.86905427 0.87084987 0.87000133
 0.86882198 0.86785464 0.86692373 0.87043721 0.86972239 0.86965791
 0.87284456 0.86786583 0.86375285 0.86806303 0.86690528 0.86280916
 0.86585752 0.86307414 0.86383907 0.86202676 0.86328891 0.86137335
 0.86173585 0.85902731 0.8597236  0.86311435 0.86192589 0.85817348
 0.858569   0.86017746 0.85735759 0.85870693 0.86180823 0.86163136
 0.85554034 0.85816365 0.8597579  0.86145357 0.85546441 0.85717726
 0.86157646 0.85670358 0.85657982 0.85404521 0.85752213 0.85315879
 0.85334328 0.85775957 0.85518815 0.85407748 0.85588164 0.85575858
 0.85374234 0.85552129 0.85372087 0.85508514 0.85521922 0.85274578
 0.85217766 0.85133932 0.85482395 0.85199771 0.85611365 0.856145
 0.85100287 0.85065956 0.85288175 0.85248475 0.85163181 0.85427331
 0.84831338 0.85165046 0.85060277 0.85529263 0.85517721 0.85160233
 0.84887231 0.8504998  0.85008372 0.85094265 0.85208916 0.84947295
 0.84858393 0.85372867 0.84573197 0.84821707 0.84647814 0.84817868
 0.84799664 0.8501212  0.84853931 0.84890894 0.84841041 0.84732094
 0.8475572  0.84950174]