[2869894.77734375  984622.42773438  933250.00439453  920308.73046875
  904640.34082031  889589.13964844  871483.0859375   857172.55810547
  838731.58154297  823119.11132812  805274.6875      786364.78271484
  768267.76367188  752712.70214844  738299.47607422  722657.28125
  708299.38769531  693458.97949219  680003.16650391  665749.18798828
  650963.70849609  637379.69775391  624586.06738281  608686.35449219
  593756.40820312  579190.75146484  563449.47509766  549515.19580078
  533703.77636719  518648.80664062  503036.35253906  488357.51367188
  473822.25927734  459877.10986328  446649.25341797  433566.58398438
  419883.40527344  407345.97290039  394995.61621094  383799.41796875
  372790.34912109  362831.55712891  355013.42919922  349458.27001953
  339189.14355469  327320.13427734  317053.43798828  308626.96484375
  301561.16552734  295535.25561523  288674.28076172  283004.43212891
  277000.75488281  271213.015625    265851.14233398  260903.45239258
  256730.57519531  252195.43310547  247575.7644043   243231.30224609
  240259.0246582   237259.4934082   233976.46582031  230277.83105469
  226922.84570312  222999.68896484  220051.47509766  218008.21386719
  216938.40429688  215386.73632812  211914.92456055  209203.36816406
  206093.93945312  204546.86669922  202600.63305664  200368.64697266
  197832.11474609  195437.39550781  193061.57885742  190997.5480957
  188976.26904297  187728.71679688  187425.28686523  187164.3972168
  188824.01513672  188974.09155273  186227.44775391  183107.828125
  180433.05395508  177999.36474609  176591.58618164  175824.52856445
  174990.03759766  174271.13354492  173893.64916992  173801.08642578
  173728.35449219  173879.26293945  171790.84912109  170679.87719727
  169733.2668457   168211.09741211  166712.70776367  166025.85253906
  165603.60302734  164376.07763672  163611.04931641  162485.12988281
  161763.01904297  161190.88623047  160991.67749023  161178.28442383
  163227.49121094  166304.51806641  167664.93457031  166218.06225586
  162657.95532227  159849.74804688  158207.56494141  157562.88476562
  156597.14111328  156014.38012695  155478.83837891  155259.81762695
  155320.67822266  155312.30810547  154895.47924805  154963.05395508
  158396.31640625  159954.87133789  157178.8359375   155196.76660156
  154824.5300293   154899.66992188  153708.60888672  153079.71313477
  152071.01367188  152060.21386719  152644.16308594  153699.66235352
  154311.19213867  152897.31982422  151430.02758789  150692.98950195
  150106.98999023  150166.07421875  150113.38867188  150390.82519531
  150099.72460938  149473.34399414  148959.62988281  148442.8112793
  147892.20825195  147483.28491211  147539.14160156  147566.15673828
  147344.92822266  147855.66625977  147911.25610352  147575.86621094
  147401.45410156  147044.77319336  146753.28540039  146742.01489258
  146690.82641602  147210.65966797  148023.7734375   148492.95947266
  148511.94995117  146937.61474609  146191.17285156  145549.34570312
  145301.63647461  145253.4855957   145414.82104492  145641.6574707
  145687.41748047  146355.30883789  147030.80908203  147435.88256836
  147012.60668945  146709.10351562  146767.7121582   145529.68603516
  144119.08935547  143577.73535156  143957.33276367  145191.71337891
  146930.93847656  147858.13720703  148592.17456055  149248.91552734
  147814.92333984  144476.01586914  142834.32177734  141674.52050781
  141118.40649414  141188.96459961  141192.08300781  141735.07592773]